1 -23
2 9
3 -27
4 -1
5 -8
6 -84
7 -86
8 28
9 18
10 43
11 -11
12 -166
13 93
14 12
15 -40
16 -61
17 67
18 34
19 -47
20 -19
21 9
22 92
23 100
24 32
25 -113
26 -36
27 2
28 20
29 -98
30 89
31 50
32 69
33 -1
34 55
35 56
36 -21
37 2
38 -41
39 -47
40 4
41 -89
42 49
43 -26
44 -43
45 77
46 -28
47 -17
48 -2
49 -106
50 87
51 93
52 34
53 -73
54 -9
55 40
56 22
57 -1
58 84
59 -15
60 96
61 93
62 -35
63 -3
64 -26
65 -129
66 -41
67 10
68 -146
69 45
70 -170
71 -57
72 47
73 -70
74 41
75 -87
76 78
77 -19
78 -20
79 48
80 19
81 54
82 -26
83 91
84 91
85 73
86 -17
87 44
88 -45
89 -55
90 -67
91 -10
92 -6
93 8
94 17
95 -14
96 53
97 91
98 -11
99 55
100 -47
101 80
102 29
103 61
104 84
105 -1
106 -28
107 26
108 -32
109 22
110 98
111 49
112 -80
113 26
114 62
115 45
116 9
117 -3
118 17
119 2
120 -28
121 -26
122 -35
123 -57
124 -49
125 -21
126 82
127 46
128 1
129 -152
130 -106
131 -93
132 -23
133 -9
134 28
135 20
136 -119
137 -1
138 77
139 47
140 -90
141 -93
142 74
143 -27
144 -6
145 -21
146 -91
147 -19
148 48
149 -69
150 70
151 62
152 -2
153 31
154 -45
155 36
156 61
157 -1
158 58
159 84
160 58
161 21
162 49
163 -70
164 42
165 -38
166 57
167 -9
168 44
169 -49
170 -48
171 -135
172 -93
173 -45
174 6
175 -49
176 -2
177 16
178 98
179 -63
180 38
181 -68
182 -47
183 94
184 86
185 -34
186 90
187 21
188 -105
189 58
190 -25
191 63
192 92
193 -77
194 -91
195 -4
196 -9
197 87
198 -38
199 36
200 -49
