1 9
2 66
3 -46
4 51
5 -23
6 -1
7 -64
8 38
9 -33
10 12
11 73
12 -53
13 -29
14 43
15 88
16 -59
17 6
18 69
19 -43
20 -28
21 63
22 33
23 -18
24 37
25 61
26 67
27 35
28 52
29 -173
30 55
31 -73
32 -91
33 -12
34 -86
35 71
36 -3
37 20
38 9
39 -69
40 -11
41 3
42 48
43 -63
44 37
45 33
46 -71
47 -76
48 44
49 -43
50 -5
51 -64
52 99
53 28
54 -12
55 -15
56 -97
57 95
58 -96
59 62
60 -71
61 66
62 -27
63 -84
64 -182
65 80
66 35
67 -93
68 44
69 -73
70 14
71 48
72 -47
73 -180
74 2
75 1
76 51
77 16
78 2
79 -23
80 -11
81 -27
82 -225
83 -40
84 -20
85 80
86 26
87 97
88 -131
89 88
90 42
91 -64
92 -18
93 -95
94 -1
95 69
96 -42
97 83
98 85
99 -42
100 -25
101 82
102 -13
103 69
104 78
105 -38
106 10
107 24
108 -54
109 -32
110 -97
111 -75
112 35
113 14
114 -85
115 -10
116 90
117 38
118 -30
119 52
120 -98
121 -16
122 -25
123 -48
124 -9
125 -30
126 3
127 74
128 88
129 -78
130 -48
131 60
132 -64
133 31
134 24
135 28
136 -119
137 82
138 -48
139 -21
140 71
141 82
142 -9
143 -1
144 47
145 46
146 13
147 -1
148 87
149 20
150 51
151 75
152 -4
153 -74
154 8
155 95
156 93
157 41
158 -83
159 -70
160 95
161 54
162 23
163 -140
164 -52
165 17
166 -29
167 -48
168 -65
169 -30
170 -6
171 -9
172 -29
173 52
174 -87
175 -12
176 29
177 -18
178 32
179 -3
180 -80
181 93
182 46
183 -39
184 -32
185 -28
186 -19
187 -125
188 74
189 8
190 76
191 -47
192 59
193 64
194 25
195 -115
196 -17
197 53
198 -13
199 83
200 -154
201 63
202 47
203 -12
204 75
205 -72
206 62
207 63
208 -51
209 -31
210 -57
211 15
212 55
213 -10
214 5
215 -82
216 45
217 -5
218 83
219 51
220 -65
221 -5
222 9
223 87
224 -129
225 26
226 75
227 23
228 -38
229 -2
230 -107
231 4
232 -51
233 -130
234 -46
235 -27
236 -2
237 72
238 -21
239 -14
240 40
241 -86
242 -162
243 84
244 91
245 -66
246 92
247 41
248 64
249 -35
250 -7
251 -46
252 -43
253 -5
254 30
255 -88
256 47
257 -12
258 -126
259 -52
260 -24
261 -16
262 31
263 93
264 99
265 -94
266 -6
267 -9
268 -111
269 15
270 3
271 8
272 31
273 46
274 -8
275 -29
276 -54
277 -7
278 -88
279 64
280 69
281 55
282 95
283 68
284 20
285 85
286 94
287 38
288 31
289 5
290 -35
291 56
292 30
293 68
294 -33
295 64
296 88
297 70
298 54
299 46
300 -71
301 21
302 -109
303 -2
304 54
305 -48
306 11
307 -56
308 -7
309 -4
310 55
311 48
312 48
313 38
314 -23
315 -3
316 -51
317 85
318 31
319 72
320 84
321 -68
322 34
323 12
324 70
325 -115
326 -16
327 19
328 -63
329 -62
330 -6
331 -79
332 -2
333 -7
334 81
335 74
336 33
337 -60
338 45
339 -45
340 -25
341 65
342 -45
343 32
344 29
345 -78
346 14
347 10
348 -15
349 -20
350 97
351 -106
352 -11
353 -113
354 65
355 59
356 93
357 34
358 43
359 22
360 -82
361 33
362 -103
363 75
364 35
365 41
366 68
367 -6
368 -3
369 -4
370 26
371 -106
372 -6
373 90
374 71
375 88
376 -1
377 -28
378 66
379 2
380 56
381 66
382 -17
383 -65
384 -47
385 -47
386 65
387 -2
388 27
389 75
390 30
391 53
392 -83
393 -51
394 -32
395 66
396 11
397 -33
398 -2
399 35
400 63
401 14
402 56
403 -8
404 80
405 40
406 -65
407 1
408 -97
409 -150
410 72
411 -54
412 -8
413 54
414 21
415 64
416 64
417 -9
418 -84
419 42
420 -102
421 86
422 78
423 -35
424 -74
425 -23
426 -64
427 9
428 42
429 -136
430 -31
431 46
432 -17
433 -84
434 87
435 65
436 -26
437 -110
438 -9
439 -8
440 28
441 78
442 22
443 -109
444 51
445 79
446 -117
447 -56
448 -38
449 21
450 78
451 -1
452 -22
453 100
454 -70
455 20
456 79
457 -60
458 80
459 -47
460 -14
461 8
462 21
463 96
464 -38
465 90
466 -12
467 -57
468 -51
469 -93
470 98
471 52
472 -85
473 -21
474 -177
475 -1
476 9
477 94
478 -228
479 -1
480 -51
481 -42
482 -103
483 74
484 84
485 -19
486 -9
487 57
488 -23
489 -31
490 -63
491 -9
492 -3
493 11
494 59
495 49
496 -80
497 43
498 -24
499 -25
500 29
