1 -11
2 38
3 -129
4 -33
5 -14
6 -48
7 3
8 38
9 73
10 66
11 64
12 41
13 38
14 -23
15 -34
16 27
17 -5
18 38
19 41
20 -24
21 -11
22 6
23 -3
24 -17
25 -61
26 -149
27 35
28 46
29 56
30 13
31 96
32 -244
33 100
34 -41
35 22
36 80
37 82
38 -10
39 -252
40 6
41 -14
42 67
43 -40
44 41
45 -30
46 -69
47 64
48 -145
49 5
50 65
51 62
52 -19
53 -7
54 -21
55 65
56 28
57 44
58 100
59 -68
60 92
61 45
62 -3
63 -64
64 80
65 -3
66 1
67 -18
68 12
69 -79
70 -3
71 77
72 -3
73 -41
74 -161
75 57
76 72
77 78
78 76
79 24
80 -25
81 -5
82 -90
83 29
84 44
85 -13
86 -28
87 -20
88 -10
89 -9
90 -34
91 -188
92 -51
93 11
94 4
95 94
96 -40
97 -2
98 57
99 13
100 -4
